3102535	10227151	0.07
3102535	10327111	0.91
3102535	10327134	0.19
3102535	10327202	0.11
3102535	10327271	0.28
3102535	10427142	0.38
4106034	10227104	1
4106034	10227201	0.46
4106034	10227233	0.51
4106034	10327113	0.57
4106034	10327136	0.31
4106034	10327205	0.77
4106034	10327234	0.26
4106034	10420141	1
4106034	10427123	0.92
4106034	10427145	0.33
4106076	10027126	0.9
4106076	10227107	0.03
4106076	10227205	0.48
4106076	10227237	0.92
4106076	10327138	0.02
4106076	10327207	0.55
4106076	10327239	0.42
4106076	10427102	0.2
4106076	10427125	0.91
4106076	10427147	0.38
10027120	10027168	0.6
10027120	10227207	0.83
10027120	10227246	0.72
10027120	10327117	0.99
10027120	10327140	0.75
10027120	10327210	0.18
10027120	10327241	0.32
10027120	10427104	0.29
10027120	10427127	0.36
10027120	10427149	0.62
10027126	10027214	0.45
10027126	10227257	0.48
10027126	10327142	0.29
10027126	10327215	0.53
10027126	10427106	0.03
10027126	10427129	0.01
10027151	10227132	0.34
10027151	10227218	0.99
10027151	10320129	0.73
10027151	10327145	0.08
10027151	10327217	0.16
10027151	10327247	0.89
10027151	10427108	0.09
10027151	10427171	0.51
10027168	10127171	0.96
10027168	10327101	0.98
10027168	10327124	0.48
10027168	10327147	0.83
10027168	10327219	0.26
10027168	10327252	0.62
10027168	10427110	0.97
10027168	10427134	0.81
10027212	10227138	0.17
10027212	10227223	0.44
10027212	10327103	0.18
10027212	10327127	0.39
10027212	10327149	1
10027212	10327221	0.36
10027212	10327254	0.05
10027212	10427114	0.08
10027212	10427136	0.65
10027214	10127263	0.18
10027214	10227146	0.5
10027214	10227225	0.54
10027214	10327107	0.39
10027214	10327129	0.07
10027214	10327154	0.84
10027214	10327256	0.81
10027214	10427116	0.25
10027214	10427138	0.75
10027241	10220135	0.42
10027241	10227148	0.91
10027241	10227228	0.44
10027241	10327109	0.68
10027241	10327131	0.61
10027241	10327172	0.6
10027241	10327229	0.63
10027241	10427118	0.74
10027241	10427140	0.86
10127102	3102535	0.03
10127102	10227101	0.1
10127102	10227151	0.98
10127102	10227230	0.97
10127102	10327111	0.13
10127102	10327134	0.06
10127102	10327202	0.87
10127102	10327232	0.18
10127102	10327271	0.86
10127102	10427120	0.53
10127102	10427142	0.62
10127158	4106076	0.03
10127158	10227104	0.22
10127158	10227233	0.85
10127158	10327113	0.79
10127158	10327136	0.03
10127158	10327205	0.51
10127158	10327234	0.32
10127158	10420141	0.84
10127158	10427145	0.79
10127171	10027126	0.69
10127171	10227107	0.34
10127171	10227205	0.1
10127171	10227237	0.2
10127171	10327115	0.15
10127171	10327138	0.94
10127171	10327239	0.43
10127171	10427102	0.2
10127171	10427147	0.33
10127228	10027168	0.08
10127228	10227123	0.42
10127228	10227207	0.21
10127228	10227246	0.04
10127228	10327117	0.06
10127228	10327140	0.13
10127228	10327210	0.71
10127228	10327241	0.04
10127228	10427127	0.45
10127228	10427149	0.54
10127261	10027214	0.17
10127261	10227129	0.9
10127261	10227257	0.99
10127261	10327215	0.97
10127261	10427106	0.06
10127261	10427151	0.41
10127262	10127102	0.24
10127262	10227132	0.43
10127262	10227218	0.09
10127262	10327122	0.07
10127262	10327145	0.85
10127262	10327217	1
10127262	10327247	0.91
10127262	10427108	0.35
10127262	10427131	0.68
10127263	10227136	0.68
10127263	10227220	0.66
10127263	10327101	0.22
10127263	10327124	0.92
10127263	10327252	0.88
10127263	10427134	0.02
10220107	10127261	0.01
10220107	10227138	0.57
10220107	10227223	0.78
10220107	10327103	0.34
10220107	10327127	0.54
10220107	10327221	0.95
10220107	10327254	0.33
10220135	10127263	1
10220135	10227146	0.37
10220135	10227225	0.85
10220135	10327129	0.58
10220135	10327154	0.14
10220135	10327223	0.62
10220135	10327256	0.55
10220135	10427116	0.47
10220135	10427138	0.7
10220140	10227228	0.16
10220140	10327109	0.65
10220140	10327172	0.92
10220140	10327229	0.43
10220140	10427118	0.73
10220140	10427140	0.52
10227101	10227151	0.48
10227101	10227230	0.29
10227101	10327111	0.39
10227101	10327202	0.36
10227101	10327232	0.55
10227101	10327271	0.77
10227101	10427120	0.42
10227101	10427142	0.67
10227103	4106076	0.99
10227103	10227104	0.84
10227103	10227201	0.31
10227103	10227233	0.6
10227103	10327113	0.75
10227103	10327205	0.53
10227103	10327234	0.31
10227103	10427123	0.8
10227103	10427145	0.99
10227104	10027126	0.16
10227104	10227107	0.76
10227104	10227205	0.58
10227104	10227237	0.5
10227104	10327115	0.3
10227104	10327138	0.06
10227104	10327239	0.21
10227104	10427102	0.43
10227104	10427125	0.74
10227106	10027168	0.06
10227106	10227123	0.36
10227106	10227207	0.73
10227106	10327117	0.49
10227106	10327140	0.51
10227106	10327241	0.4
10227106	10427104	0.66
10227106	10427127	0.27
10227106	10427149	0.26
10227107	10227129	0.45
10227107	10227213	0.26
10227107	10227257	0.36
10227107	10327120	0.4
10227107	10327142	0.88
10227107	10327244	0.83
10227107	10427106	0.51
10227107	10427129	0.35
10227107	10427151	0.72
10227121	10227132	0.29
10227121	10227218	0.12
10227121	10327122	0.03
10227121	10327145	0.67
10227121	10327217	0.97
10227121	10327247	0.64
10227121	10427108	0.76
10227121	10427131	0.84
10227121	10427171	0.66
10227123	10127171	0.84
10227123	10227220	0.5
10227123	10327124	0.76
10227123	10327147	0.01
10227123	10327219	0.72
10227123	10327252	0.8
10227123	10427110	0.19
10227124	10127261	0.47
10227124	10227138	0.74
10227124	10227223	0.34
10227124	10327127	0.11
10227124	10327149	0.72
10227124	10327221	0.37
10227124	10327254	0.18
10227124	10427114	0.6
10227124	10427136	0.81
10227129	10127263	0.86
10227129	10227146	0.33
10227129	10227225	0.26
10227129	10327107	0.44
10227129	10327129	0.51
10227129	10327154	0.27
10227129	10327223	0.69
10227129	10327256	0.57
10227129	10427116	0.82
10227129	10427138	0.76
10227130	10227148	0.34
10227130	10227228	0.17
10227130	10327109	0.28
10227130	10327172	0.18
10227130	10327229	0.74
10227130	10427140	0.44
10227132	3102535	0.27
10227132	10227151	0.86
10227132	10227230	0.18
10227132	10327134	0.83
10227132	10327202	0.52
10227132	10327232	0.01
10227132	10427120	0.03
10227134	4106076	0.54
10227134	10227104	0.69
10227134	10227201	0.33
10227134	10227233	0.7
10227134	10327113	0.44
10227134	10327136	0.71
10227134	10327205	0.99
10227134	10420141	0.16
10227134	10427123	0.43
10227134	10427145	0.62
10227136	10227205	0.29
10227136	10227237	0.23
10227136	10327138	0.99
10227136	10327207	0.67
10227136	10427125	0.88
10227136	10427147	0.8
10227137	10027168	0.51
10227137	10227123	0.97
10227137	10227207	0.85
10227137	10227246	0.48
10227137	10327117	0.31
10227137	10327140	0.65
10227137	10327241	0.88
10227137	10427104	0.4
10227137	10427127	0.96
10227138	10227129	0.88
10227138	10227213	0.2
10227138	10327120	0.49
10227138	10327142	0.47
10227138	10427106	0.22
10227138	10427129	0.48
10227138	10427151	0.06
10227141	10227132	0.05
10227141	10320129	0.41
10227141	10327122	0.06
10227141	10327145	0.27
10227141	10327217	0.66
10227141	10427108	0.1
10227141	10427131	0.33
10227141	10427171	0.51
10227146	10127171	0.53
10227146	10227136	0.23
10227146	10327101	0.7
10227146	10427110	0.17
10227146	10427134	0.41
10227147	10227138	0.36
10227147	10227223	0.71
10227147	10327103	0.95
10227147	10327127	0.51
10227147	10327149	0.96
10227147	10327221	0.72
10227147	10427114	0.51
10227147	10427136	0.08
10227148	10127263	1
10227148	10227225	0.17
10227148	10327129	0.89
10227148	10327223	0.11
10227148	10427116	0.52
10227148	10427138	0.68
10227150	10227148	0.12
10227150	10227228	0.55
10227150	10327109	0.64
10227150	10327172	0.03
10227150	10327229	0.33
10227150	10327265	0.62
10227150	10427118	0.31
10227150	10427140	0.11
10227151	10227101	0.8
10227151	10327111	0.88
10227151	10327134	0.04
10227151	10327271	0.62
10227151	10427120	0.95
10227151	10427142	0.59
10227154	4106076	0.48
10227154	10227104	0.65
10227154	10227201	0.27
10227154	10227233	0.18
10227154	10327113	0.88
10227154	10327205	0.2
10227154	10327234	0.14
10227154	10420141	0.34
10227154	10427123	0.57
10227154	10427145	0.07
10227201	10027126	0.19
10227201	10227107	0.61
10227201	10227205	0.29
10227201	10227237	0.22
10227201	10327138	0.72
10227201	10427102	0.57
10227201	10427125	0.08
10227201	10427147	0.27
10227202	10027168	0.61
10227202	10227123	0.7
10227202	10327117	0.99
10227202	10327140	0.09
10227202	10327210	0.13
10227202	10427127	0.68
10227202	10427149	0.69
10227205	10027214	0.99
10227205	10227129	0.26
10227205	10227213	0.64
10227205	10327120	0.2
10227205	10327142	0.96
10227205	10327215	0.73
10227205	10327244	0.63
10227205	10427106	0.35
10227206	10127102	0.65
10227206	10227132	0.29
10227206	10227218	0.99
10227206	10320129	0.35
10227206	10327122	0.71
10227206	10327217	0.37
10227206	10327247	0.86
10227206	10427108	0.98
10227206	10427131	0.57
10227206	10427171	0.67
10227207	10227136	0.8
10227207	10227220	0.52
10227207	10327124	0.4
10227207	10327219	0.91
10227207	10327252	0.5
10227207	10427134	0.51
10227209	10227223	0.62
10227209	10327103	0.84
10227209	10327127	0.28
10227209	10327149	0.24
10227209	10327221	0.75
10227209	10327254	0.18
10227209	10427136	0.99
10227213	10127263	0.29
10227213	10227146	0.82
10227213	10227225	0.32
10227213	10327107	0.97
10227213	10327129	0.69
10227213	10327154	0.25
10227213	10327223	0.39
10227213	10427116	0.12
10227213	10427138	0.57
10227215	10220135	0.43
10227215	10227148	0.45
10227215	10227228	0.21
10227215	10327109	0.99
10227215	10327131	0.67
10227215	10327172	0.8
10227215	10327229	0.03
10227215	10327265	0.99
10227215	10427118	0.11
10227215	10427140	0.37
10227218	3102535	0.5
10227218	10227101	0.19
10227218	10227151	0.26
10227218	10227230	0.48
10227218	10327111	0.1
10227218	10327134	0.54
10227218	10327271	0.65
10227218	10427120	0.57
10227218	10427142	0.38
10227219	4106076	0.68
10227219	10227104	0.42
10227219	10227201	0.09
10227219	10227233	0.36
10227219	10327205	0.51
10227219	10327234	0.31
10227219	10427123	0.59
10227219	10427145	0.4
10227220	10027126	0.02
10227220	10227107	0.95
10227220	10227205	0.64
10227220	10227237	0.38
10227220	10327115	0.46
10227220	10327138	0.15
10227220	10327239	0.05
10227220	10427102	0.37
10227220	10427147	0.01
10227221	10227123	0.56
10227221	10227207	0.99
10227221	10227246	0.91
10227221	10327117	0.87
10227221	10327140	0.18
10227221	10427104	0.85
10227221	10427149	0.62
10227223	10227129	0.88
10227223	10227213	0.71
10227223	10227257	0.92
10227223	10327142	0.83
10227223	10327215	0.39
10227223	10327244	0.93
10227223	10427106	0.42
10227223	10427129	0.98
10227223	10427151	0.61
10227224	10127102	0.15
10227224	10320129	0.24
10227224	10327122	0.47
10227224	10327145	0.49
10227224	10327247	0.68
10227224	10427171	0.65
10227225	10127171	0.62
10227225	10227136	0.91
10227225	10327101	0.27
10227225	10327124	0.74
10227225	10327147	0.56
10227225	10327219	0.25
10227225	10327252	0.5
10227225	10427110	0.4
10227225	10427134	0.75
10227227	10127261	0.54
10227227	10227138	0.33
10227227	10227223	0.14
10227227	10327103	0.73
10227227	10327127	0.55
10227227	10327149	0.09
10227227	10327221	0.09
10227227	10427114	0.17
10227227	10427136	0.23
10227228	10127263	0.49
10227228	10227146	0.34
10227228	10227225	0.44
10227228	10327107	0.85
10227228	10327129	0.37
10227228	10327223	0.82
10227228	10327256	0.68
10227228	10427116	0.62
10227228	10427138	0.55
10227229	10220135	0.37
10227229	10227148	0.11
10227229	10227228	0.61
10227229	10327131	0.82
10227229	10327172	0.3
10227229	10327229	0.6
10227229	10327265	0.27
10227229	10427118	0.35
10227229	10427140	0.46
10227230	3102535	0.36
10227230	10227101	0.01
10227230	10227151	0.14
10227230	10327111	0.03
10227230	10327134	0.83
10227230	10327202	0.39
10227230	10427142	0.16
10227232	4106076	0.94
10227232	10227201	0.63
10227232	10227233	0.23
10227232	10327113	0.57
10227232	10327136	0.83
10227232	10327205	0.37
10227232	10327234	0.09
10227232	10420141	0.74
10227232	10427123	0.68
10227232	10427145	0.36
10227233	10227205	0.23
10227233	10227237	0.12
10227233	10327115	0.8
10227233	10327138	0.95
10227233	10327207	0.72
10227233	10327239	0.17
10227233	10427102	0.11
10227233	10427125	0.41
10227233	10427147	0.47
10227235	10027168	0.72
10227235	10227123	0.96
10227235	10227207	0.11
10227235	10327117	0.33
10227235	10327140	0.5
10227235	10427127	1
10227237	10027214	0.47
10227237	10227129	0.74
10227237	10227213	0.49
10227237	10327215	0.51
10227237	10427106	0.67
10227237	10427129	0.54
10227240	10127102	0.26
10227240	10227218	0.67
10227240	10320129	0.91
10227240	10327122	0.88
10227240	10327217	0.4
10227240	10327247	0.78
10227240	10427131	0.84
10227240	10427171	0.51
10227246	10227136	0.03
10227246	10227220	0.54
10227246	10327101	0.03
10227246	10327219	0.8
10227246	10327252	0.32
10227246	10427110	0.6
10227246	10427134	0.09
10227254	10127261	0.46
10227254	10227223	0.5
10227254	10327103	0.8
10227254	10327127	0.02
10227254	10327221	0.82
10227254	10327254	0.85
10227254	10427114	0.22
10227257	10127263	0.6
10227257	10327107	0.48
10227257	10327154	0.27
10227257	10327223	0.12
10227257	10327256	0.93
10227257	10427116	0.01
10227261	10227148	0.44
10227261	10227228	0.98
10227261	10327109	0.62
10227261	10327131	0.83
10227261	10327172	0.56
10227261	10327265	0.48
10227261	10427118	0.96
10227261	10427140	0.26
10320129	10227151	0.94
10320129	10227230	0.84
10320129	10327111	0.27
10320129	10327134	0.8
10320129	10327202	0.94
10320129	10327232	0.55
10320129	10327271	0.44
10320129	10427120	0.93
10320133	10227104	0.83
10320133	10227201	0.34
10320133	10227233	0.82
10320133	10327113	0.48
10320133	10327136	0.73
10320133	10327205	0.2
10320133	10420141	0.55
10320133	10427145	0.85
10327101	10227107	0.63
10327101	10227205	0.78
10327101	10227237	0.63
10327101	10327207	0.72
10327101	10327239	0.09
10327101	10427102	0.35
10327101	10427125	0.42
10327101	10427147	0.18
10327102	10027168	0.4
10327102	10227123	0.88
10327102	10227207	0.89
10327102	10327140	0.69
10327102	10327210	0.34
10327102	10327241	0.73
10327102	10427127	0.17
10327102	10427149	0.98
10327103	10027214	0.78
10327103	10227129	0.36
10327103	10227257	0.56
10327103	10327120	0.6
10327103	10327142	0.3
10327103	10327215	0.74
10327103	10427106	0.45
10327103	10427129	0.28
10327103	10427151	0.14
10327106	10127102	0.77
10327106	10227132	0.73
10327106	10227218	0.79
10327106	10327145	0.87
10327106	10327217	0.37
10327106	10427108	0.55
10327106	10427171	0.31
10327107	10227136	0.85
10327107	10227220	0.75
10327107	10327101	1
10327107	10327124	0.71
10327107	10327147	0.14
10327107	10327219	0.67
10327107	10327252	0.45
10327107	10427110	0.63
10327107	10427134	0.42
10327108	10127261	0.53
10327108	10227138	0.8
10327108	10327103	0.95
10327108	10327127	0.16
10327108	10327149	0.36
10327108	10327221	0.53
10327108	10427136	0.91
10327109	10127263	0.64
10327109	10227146	0.5
10327109	10327107	0.92
10327109	10327129	0.48
10327109	10327223	0.87
10327109	10327256	0.26
10327109	10427116	0.32
10327110	10220135	0.82
10327110	10227148	0.27
10327110	10327109	0.22
10327110	10327131	0.45
10327110	10327229	0.53
10327110	10427118	0.7
10327110	10427140	0.92
10327111	3102535	0.77
10327111	10227101	0.23
10327111	10227230	0.24
10327111	10327134	0.79
10327111	10327232	0.8
10327111	10327271	0.81
10327111	10427120	0.58
10327111	10427142	0.5
10327112	4106076	0.49
10327112	10227104	0.3
10327112	10227233	0.86
10327112	10327136	0.73
10327112	10327234	0.09
10327112	10427123	0.17
10327112	10427145	0.31
10327113	10027126	0.79
10327113	10227107	0.1
10327113	10327115	0.55
10327113	10327138	0.57
10327113	10327207	0.81
10327113	10327239	0.95
10327113	10427102	0.25
10327114	10027168	0.64
10327114	10227123	0.92
10327114	10227246	0.61
10327114	10327140	0.03
10327114	10327210	0.5
10327114	10327241	0.77
10327114	10427104	0.68
10327114	10427149	0.97
10327115	10227129	0.4
10327115	10227213	0.29
10327115	10227257	0.54
10327115	10327142	0.58
10327115	10327215	0.72
10327115	10327244	0.71
10327116	10227132	0.14
10327116	10227218	0.72
10327116	10320129	0.84
10327116	10327122	0.65
10327116	10327145	0.78
10327116	10327217	0.61
10327116	10327247	0.22
10327117	10127171	0.85
10327117	10227136	0.17
10327117	10327219	0.79
10327117	10327252	0.52
10327119	10227138	0.87
10327119	10227223	0.41
10327119	10327103	0.37
10327119	10327127	0.9
10327119	10327149	0.9
10327119	10327221	0.99
10327119	10327254	0.43
10327119	10427136	0.57
10327120	10127263	0.96
10327120	10227146	0.55
10327120	10227225	0.52
10327120	10327129	0.67
10327120	10327223	0.47
10327120	10427116	0.49
10327120	10427138	0.69
10327121	10220135	0.06
10327121	10327109	0.3
10327121	10327172	0.71
10327121	10327229	0.02
10327121	10327265	0.54
10327121	10427140	0.69
10327122	3102535	0.48
10327122	10327111	0.66
10327122	10327134	0.87
10327122	10327202	0.85
10327122	10327232	0.67
10327122	10327271	0.72
10327122	10427142	0.67
10327123	10227104	0.16
10327123	10227201	0.73
10327123	10227233	0.87
10327123	10327113	0.44
10327123	10327136	0.37
10327123	10327205	0.92
10327123	10420141	0.75
10327123	10427123	0.4
10327123	10427145	0.35
10327124	10027126	0.07
10327124	10227107	0.69
10327124	10227205	0.91
10327124	10227237	0.54
10327124	10327115	0.04
10327124	10327138	0.93
10327124	10327207	0.27
10327124	10427102	0.88
10327124	10427125	0.3
10327124	10427147	0.55
10327125	10027168	0.62
10327125	10227123	0.12
10327125	10227207	0.82
10327125	10227246	0.82
10327125	10327117	0.36
10327125	10327140	0.99
10327125	10327241	0.8
10327125	10427104	0.74
10327125	10427127	0.64
10327125	10427149	0.41
10327127	10027214	0.96
10327127	10227129	0.31
10327127	10227213	0.77
10327127	10227257	0.41
10327127	10327215	0.6
10327127	10327244	0.81
10327127	10427106	0.25
10327127	10427151	0.77
10327128	10127102	0.87
10327128	10227218	0.58
10327128	10327122	0.92
10327128	10327145	0.1
10327128	10327247	0.19
10327128	10427108	0.63
10327129	10127171	0.38
10327129	10227136	0.12
10327129	10227220	0.38
10327129	10327101	0.68
10327129	10327124	0.01
10327129	10327147	0.79
10327129	10327252	0.34
10327129	10427110	0.74
10327129	10427134	0.57
10327130	10227138	0.75
10327130	10327103	0.03
10327130	10327127	0.87
10327130	10327221	0.51
10327130	10327254	0.71
10327130	10427114	0.5
10327130	10427136	0.65
10327131	10127263	0.71
10327131	10227146	0.07
10327131	10227225	0.09
10327131	10327107	0.26
10327131	10327223	0.69
10327131	10427116	0.7
10327131	10427138	0.45
10327133	10220135	0.76
10327133	10227228	0.43
10327133	10327172	0.95
10327133	10327229	0.79
10327133	10327265	0.9
10327133	10427118	0.32
10327133	10427140	0.23
10327134	10227151	0.12
10327134	10327111	0.32
10327134	10327232	0.56
10327134	10327271	0.34
10327134	10427120	0.71
10327135	4106076	0.93
10327135	10227104	0.98
10327135	10227201	0.9
10327135	10327136	0.75
10327135	10327205	0.29
10327135	10420141	0.57
10327135	10427123	0.81
10327135	10427145	0.02
10327136	10027126	0.07
10327136	10227205	0.11
10327136	10227237	0.91
10327136	10327115	0.9
10327136	10327138	0.6
10327136	10327207	0.02
10327136	10327239	0.21
10327136	10427102	0.75
10327136	10427125	0.69
10327136	10427147	0.06
10327137	10227123	0.53
10327137	10227207	0.96
10327137	10227246	1
10327137	10327117	0.42
10327137	10327241	0.46
10327137	10427104	0.34
10327137	10427127	0.02
10327137	10427149	0.38
10327138	10227129	0.24
10327138	10227213	0.73
10327138	10227257	0.55
10327138	10327120	0.48
10327138	10327142	0.26
10327138	10327215	0.63
10327138	10427106	0.84
10327138	10427129	0.74
10327139	10127102	0.13
10327139	10227132	0.75
10327139	10227218	0.97
10327139	10327122	0.45
10327139	10327145	0.61
10327139	10427131	0.71
10327139	10427171	0.3
10327140	10127171	0.64
10327140	10227220	0.16
10327140	10427134	0.68
10327141	10127261	0.96
10327141	10327127	0.8
10327141	10327149	0.73
10327141	10327221	0.44
10327141	10327254	0.1
10327141	10427136	0.83
10327142	10127263	0.92
10327142	10227146	0.66
10327142	10227225	0.06
10327142	10327107	0.59
10327142	10327223	0.37
10327142	10327256	1
10327142	10427116	0.17
10327142	10427138	0.49
10327144	10227148	0.81
10327144	10227228	0.59
10327144	10327109	0.49
10327144	10327172	0.46
10327144	10327229	0.64
10327144	10327265	0.87
10327144	10427118	0.15
10327144	10427140	0.53
10327145	3102535	0.8
10327145	10227101	0.57
10327145	10227230	0.4
10327145	10327111	0.61
10327145	10327134	0.97
10327145	10327202	0.95
10327145	10327232	0.65
10327145	10427120	0.97
10327146	4106076	0.81
10327146	10227201	0.91
10327146	10227233	0.29
10327146	10327113	0.49
10327146	10327136	0.6
10327146	10327205	0.34
10327146	10327234	0.77
10327146	10420141	0.9
10327146	10427123	0.92
10327146	10427145	0.81
10327147	10027126	0.09
10327147	10227107	0.15
10327147	10227205	0.78
10327147	10227237	0.48
10327147	10327115	0.97
10327147	10327138	0.19
10327147	10327239	0.71
10327147	10427102	0.09
10327147	10427147	0.92
10327148	10027168	0.08
10327148	10227123	0.46
10327148	10227207	0.33
10327148	10227246	0.59
10327148	10327117	0.98
10327148	10327140	0.85
10327148	10427104	0.16
10327148	10427127	0.82
10327149	10227129	0.47
10327149	10227213	0.71
10327149	10227257	0.37
10327149	10327120	0.1
10327149	10327142	0.27
10327149	10327215	0.69
10327149	10327244	0.53
10327149	10427106	0.97
10327149	10427151	0.22
10327151	10320129	0.43
10327151	10327122	0.54
10327151	10327217	0.12
10327151	10427108	0.15
10327151	10427171	0.81
10327154	10227136	0.04
10327154	10227220	0.17
10327154	10327101	0.44
10327154	10327124	0.52
10327154	10327147	0.41
10327154	10327219	0.06
10327154	10427110	0.74
10327154	10427134	0.53
10327155	10127261	0.16
10327155	10227138	0.59
10327155	10327103	0.99
10327155	10327149	0.97
10327155	10327221	0.39
10327155	10327254	0.01
10327155	10427114	0.88
10327155	10427136	0.09
10327172	10327129	0.06
10327172	10327223	0.29
10327172	10327256	0.44
10327172	10427116	0.72
10327172	10427138	0.33
10327201	10220135	0.79
10327201	10227148	0.04
10327201	10227228	0.09
10327201	10327109	0.68
10327201	10327131	0.8
10327201	10327265	0.6
10327201	10427118	0.71
10327201	10427140	0.92
10327202	3102535	0.96
10327202	10227101	0.82
10327202	10227151	0.66
10327202	10227230	0.99
10327202	10327232	0.91
10327202	10327271	0.31
10327202	10427120	0.26
10327202	10427142	0.08
10327203	10227201	0.04
10327203	10227233	0.71
10327203	10327113	0.24
10327203	10327205	0.75
10327203	10327234	0.82
10327203	10427123	0.44
10327205	10027126	0.48
10327205	10327115	0.91
10327205	10327138	0.18
10327205	10327207	0.7
10327205	10427102	0.75
10327205	10427125	0.29
10327206	10027168	0.9
10327206	10227123	0.64
10327206	10227207	0.38
10327206	10327117	0.61
10327206	10327140	0.41
10327206	10327210	0.77
10327206	10427104	0.82
10327206	10427127	0.2
10327206	10427149	0.75
10327207	10027214	0.1
10327207	10227129	0.32
10327207	10227257	0.72
10327207	10327120	0.89
10327207	10327215	0.48
10327207	10327244	0.74
10327207	10427106	0.11
10327207	10427129	0.79
10327207	10427151	0.45
10327208	10127102	0.74
10327208	10227132	0.06
10327208	10227218	0.51
10327208	10327145	0.33
10327208	10327247	0.58
10327208	10427171	0.79
10327210	10227136	0.79
10327210	10227220	0.59
10327210	10327101	0.24
10327210	10327124	0.2
10327210	10327219	0.52
10327210	10327252	0.86
10327210	10427134	0.05
10327212	10327127	0.68
10327212	10327149	0.17
10327212	10327221	0.34
10327212	10327254	0.91
10327212	10427136	0.17
10327215	10127263	0.61
10327215	10227225	0.52
10327215	10327107	0.21
10327215	10327129	0.08
10327215	10327154	0.34
10327215	10327256	0.76
10327215	10427116	0.54
10327215	10427138	0.56
10327216	10220135	0.63
10327216	10227148	0.76
10327216	10227228	0.33
10327216	10327109	0.15
10327216	10327172	0.51
10327216	10427118	0.68
10327217	10227101	0.77
10327217	10227151	0.61
10327217	10227230	0.66
10327217	10327111	0.13
10327217	10327134	0.72
10327217	10327202	0.13
10327217	10327232	0.65
10327217	10327271	0.3
10327217	10427120	0.19
10327217	10427142	0.76
10327218	4106076	0.95
10327218	10227104	0.9
10327218	10227201	0.06
10327218	10227233	0.25
10327218	10327113	0.99
10327218	10327234	0.04
10327218	10427145	0.38
10327219	10027126	0.19
10327219	10227107	0.25
10327219	10227205	0.93
10327219	10227237	0.81
10327219	10327115	0.54
10327219	10327138	0.25
10327219	10327239	0.07
10327219	10427125	0.18
10327220	10027168	0.57
10327220	10227123	0.03
10327220	10227207	0.75
10327220	10327117	0.28
10327220	10327241	0.16
10327220	10427127	0.4
10327220	10427149	0.81
10327221	10027214	0.03
10327221	10227129	0.77
10327221	10227213	0.61
10327221	10227257	0.32
10327221	10327120	0.59
10327221	10327244	0.92
10327221	10427106	0.3
10327221	10427129	0.02
10327221	10427151	0.97
10327222	10127102	0.5
10327222	10327122	0.76
10327222	10327145	0.94
10327222	10327217	0.77
10327222	10327247	0.22
10327222	10427171	0.31
10327223	10227136	0.46
10327223	10227220	0.07
10327223	10327101	0.76
10327223	10327124	0.71
10327223	10327147	0.53
10327223	10327219	0.78
10327223	10327252	0.18
10327223	10427110	0.84
10327223	10427134	0.9
10327225	10127261	0.27
10327225	10227138	0.18
10327225	10327127	0.25
10327225	10327149	0.54
10327225	10327221	0.7
10327225	10427114	0.26
10327229	10227146	0.52
10327229	10327129	0.75
10327229	10327154	0.03
10327230	10220135	0.89
10327230	10227148	0.8
10327230	10327109	0.67
10327230	10327131	0.1
10327230	10327229	0.62
10327230	10427118	0.32
10327230	10427140	0.04
10327232	3102535	0.4
10327232	10227230	0.57
10327232	10327111	0.3
10327232	10327134	0.31
10327232	10327202	0.11
10327232	10327271	0.68
10327233	4106076	0.87
10327233	10227104	0.13
10327233	10227233	0.47
10327233	10327205	0.39
10327233	10327234	0.73
10327233	10420141	0.96
10327233	10427123	0.32
10327234	10027126	0.29
10327234	10227205	0.85
10327234	10227237	0.66
10327234	10327115	0.28
10327234	10327138	0.61
10327234	10327207	0.14
10327234	10327239	0.86
10327234	10427102	0.87
10327234	10427147	0.72
10327237	10227123	0.28
10327237	10227207	0.76
10327237	10227246	0.41
10327237	10327117	0.24
10327237	10327140	0.48
10327237	10327241	0.33
10327237	10427127	0.92
10327237	10427149	0.34
10327239	10227129	0.29
10327239	10227213	0.02
10327239	10227257	0.56
10327239	10327120	0.99
10327239	10327142	0.96
10327239	10327215	0.71
10327239	10327244	0.95
10327239	10427129	0.77
10327239	10427151	0.53
10327240	10127102	0.91
10327240	10227218	0.58
10327240	10320129	0.93
10327240	10327122	0.66
10327240	10327145	0.5
10327240	10327217	0.22
10327240	10327247	0.05
10327240	10427108	0.11
10327240	10427131	0.5
10327241	10127171	1
10327241	10227136	0.41
10327241	10227220	0.9
10327241	10327101	0.89
10327241	10327124	0.05
10327241	10327219	0.15
10327241	10327252	0.22
10327243	10227138	0.57
10327243	10227223	0.15
10327243	10327103	0.19
10327243	10327149	0.49
10327243	10327221	0.11
10327243	10427114	0.67
10327243	10427136	0.79
10327244	10227146	0.54
10327244	10227225	0.35
10327244	10327129	0.8
10327244	10327154	0.66
10327244	10327223	0.28
10327244	10327256	0.76
10327244	10427116	0.68
10327246	10220135	0.13
10327246	10227228	0.4
10327246	10327131	0.79
10327246	10327172	0.79
10327246	10427118	0.68
10327247	10227101	0.66
10327247	10227230	0.61
10327247	10327134	0.43
10327247	10327202	0.33
10327247	10327232	0.73
10327247	10427120	0.16
10327250	4106076	0.59
10327250	10227201	0.69
10327250	10227233	0.8
10327250	10327113	0.26
10327250	10327136	0.4
10327250	10327205	0.71
10327250	10420141	0.18
10327250	10427123	0.12
10327252	10227237	0.9
10327252	10327115	0.74
10327252	10327138	0.94
10327252	10327207	0.17
10327252	10327239	0.62
10327252	10427102	0.63
10327252	10427125	0.51
10327252	10427147	0.35
10327253	10027168	0.18
10327253	10227207	0.65
10327253	10327117	0.96
10327253	10327140	0.46
10327253	10427149	0.14
10327254	10227129	0.48
10327254	10227213	0.38
10327254	10227257	0.74
10327254	10327120	0.09
10327254	10327142	0.84
10327254	10327215	0.63
10327254	10327244	0.18
10327255	10227132	0.67
10327255	10320129	0.17
10327255	10327217	0.78
10327255	10327247	0.82
10327255	10427131	0.42
10327255	10427171	0.52
10327256	10227136	0.3
10327256	10327124	0.83
10327256	10327147	0.29
10327256	10327252	0.68
10327257	10227138	0.42
10327257	10227223	0.29
10327257	10327103	0.71
10327257	10327221	0.18
10327257	10327254	0.43
10327257	10427114	0.16
10327257	10427136	0.1
10327265	10227146	0.84
10327265	10227225	0.23
10327265	10327154	0.28
10327265	10327223	0.52
10327270	10227148	0.13
10327270	10327109	0.19
10327270	10327131	0.66
10327270	10327172	0.9
10327270	10327229	0.99
10327270	10327265	0.17
10327270	10427118	0.74
10327271	3102535	0.18
10327271	10227101	0.8
10327271	10227151	0.53
10327271	10227230	0.45
10327271	10327111	0.37
10327271	10327134	0.83
10327271	10327232	0.32
10327271	10427120	0.64
10327271	10427142	0.88
10327272	4106076	0.35
10327272	10227104	0.1
10327272	10227201	0.87
10327272	10227233	0.3
10327272	10327205	0.78
10327272	10327234	0.67
10327272	10420141	0.4
10327272	10427145	0.28
10420141	10227107	0.54
10420141	10227205	0.03
10420141	10327115	0.35
10420141	10327138	0.85
10420141	10327207	0.65
10420141	10427102	0.02
10427101	10027168	0.11
10427101	10227123	0.75
10427101	10227207	0.66
10427101	10227246	0.52
10427101	10327117	0.66
10427101	10327210	0.94
10427101	10327241	0.49
10427101	10427104	0.66
10427101	10427149	0.34
10427102	10027214	0.84
10427102	10227129	0.68
10427102	10327120	0.62
10427102	10327244	0.03
10427102	10427106	0.63
10427102	10427151	0.22
10427103	10127102	0.58
10427103	10320129	0.77
10427103	10327122	0.04
10427103	10327145	0.42
10427103	10327217	0.18
10427103	10327247	0.44
10427103	10427108	0.98
10427103	10427131	0.53
10427103	10427171	0.06
10427104	10127171	0.25
10427104	10227220	0.18
10427104	10327101	0.57
10427104	10327124	0.7
10427104	10327147	0.23
10427104	10327219	0.31
10427104	10327252	0.11
10427104	10427110	0.31
10427104	10427134	0.14
10427105	10127261	0.64
10427105	10227223	0.92
10427105	10327127	0.45
10427105	10327149	0.88
10427105	10327221	0.31
10427105	10427136	0.98
10427106	10127263	0.08
10427106	10327107	0.21
10427106	10327154	0.29
10427106	10327223	0.99
10427106	10327256	0.86
10427106	10427116	0.03
10427106	10427138	0.13
10427107	10220135	0.68
10427107	10327109	0.53
10427107	10327131	0.54
10427107	10327172	0.08
10427107	10327229	0.78
10427107	10427118	0.76
10427108	10227101	0.92
10427108	10227151	0.66
10427108	10327134	0.06
10427108	10327202	0.6
10427108	10327232	0.45
10427108	10427142	0.38
10427109	4106076	0.27
10427109	10227104	0.25
10427109	10327136	0.1
10427109	10420141	0.05
10427109	10427145	0.1
10427110	10027126	0.28
10427110	10227107	0.87
10427110	10327115	0.34
10427110	10327138	0.09
10427110	10327207	0.02
10427110	10327239	0.51
10427110	10427102	0.08
10427110	10427125	0.73
10427111	10027168	0.82
10427111	10227123	0.24
10427111	10227207	0.15
10427111	10227246	0.91
10427111	10327117	0.57
10427111	10327210	0.66
10427111	10327241	0.41
10427111	10427127	0.61
10427114	10027214	0.31
10427114	10227129	0.25
10427114	10227213	0.2
10427114	10227257	0.14
10427114	10327120	0.29
10427114	10327142	0.39
10427114	10327215	0.16
10427114	10327244	0.45
10427114	10427106	0.64
10427114	10427151	0.14
10427115	10227218	0.79
10427115	10327122	0.99
10427115	10327145	0.07
10427115	10327217	0.38
10427115	10427108	0.64
10427116	10127171	0.6
10427116	10327101	0.8
10427116	10327124	0.43
10427116	10327147	0.23
10427116	10327219	0.85
10427116	10427110	0.27
10427117	10127261	0.3
10427117	10227138	0.39
10427117	10327127	0.53
10427117	10327254	0.01
10427117	10427114	0.97
10427117	10427136	0.64
10427118	10227146	0.67
10427118	10227225	0.81
10427118	10327107	0.79
10427118	10327154	0.85
10427118	10327223	0.97
10427118	10327256	0.69
10427118	10427116	0.33
10427118	10427138	0.67
10427119	10220135	0.48
10427119	10327109	0.74
10427119	10327131	0.76
10427119	10327172	0.85
10427119	10327265	0.01
10427119	10427140	0.99
10427120	3102535	0.71
10427120	10227101	0.91
10427120	10227151	0.52
10427120	10327134	0.91
10427120	10327271	0.13
10427120	10427142	0.43
10427121	10227233	0.18
10427121	10327113	0.42
10427121	10327136	0.14
10427121	10327205	0.35
10427121	10327234	0.64
10427121	10420141	0.71
10427121	10427123	0.22
10427121	10427145	0.26
10427123	10227107	0.15
10427123	10227205	0.42
10427123	10227237	0.81
10427123	10327115	0.55
10427123	10327207	0.97
10427123	10327239	0.38
10427123	10427147	0.44
10427124	10027168	0.11
10427124	10227123	0.83
10427124	10227207	0.81
10427124	10227246	0.33
10427124	10327117	0.4
10427124	10327210	0.77
10427124	10327241	0.89
10427124	10427127	0.34
10427124	10427149	0.34
10427125	10227129	0.1
10427125	10227213	0.54
10427125	10327120	0.3
10427125	10327142	0.53
10427125	10327244	0.6
10427125	10427129	0.97
10427125	10427151	0.11
10427126	10227132	0.58
10427126	10227218	0.36
10427126	10327122	0.77
10427126	10327217	0.25
10427126	10327247	0.4
10427126	10427108	0.99
10427126	10427131	0.73
10427126	10427171	0.09
10427127	10127171	0.37
10427127	10427134	0.61
10427128	10127261	0.68
10427128	10227138	0.24
10427128	10327127	0.06
10427128	10327149	0.96
10427128	10327221	0.64
10427128	10327254	0.76
10427128	10427136	0.75
10427129	10227225	0.89
10427129	10327129	0.22
10427129	10327154	0.01
10427129	10427138	0.28
10427130	10220135	0.96
10427130	10227228	0.3
10427130	10327109	0.51
10427130	10327131	0.55
10427130	10327265	0.93
10427130	10427118	0.14
10427130	10427140	0.67
10427131	3102535	0.99
10427131	10227101	0.15
10427131	10227230	0.47
10427131	10327111	0.94
10427131	10327134	0.29
10427131	10327202	0.92
10427131	10327271	0.14
10427131	10427120	0.67
10427131	10427142	0.12
10427133	10227201	0.17
10427133	10227233	0.16
10427133	10327113	0.68
10427133	10327205	0.43
10427133	10420141	0.86
10427133	10427123	0.73
10427133	10427145	0.31
10427134	10027126	0.11
10427134	10227107	0.35
10427134	10227237	0.61
10427134	10327115	0.07
10427134	10327138	0.15
10427134	10327207	0.48
10427134	10327239	0.36
10427134	10427102	0.74
10427135	10027168	0.03
10427135	10227207	0.49
10427135	10327117	0.08
10427135	10327140	0.94
10427135	10427127	0.69
10427135	10427149	0.06
10427136	10027214	0.94
10427136	10227257	0.77
10427136	10327215	0.01
10427136	10427106	0.22
10427136	10427129	0.64
10427137	10227218	0.29
10427137	10320129	0.49
10427137	10327122	0.43
10427137	10327217	0.91
10427137	10427131	0.44
10427137	10427171	0.84
10427138	10127171	0.3
10427138	10227220	0.2
10427138	10327124	0.16
10427138	10327147	0.43
10427138	10327219	0.59
10427138	10427134	0.15
10427139	10127261	0.7
10427139	10227138	0.05
10427139	10227223	0.62
10427139	10327103	0.99
10427139	10327127	0.63
10427139	10327149	0.17
10427139	10327221	0.91
10427139	10427114	0.14
10427139	10427136	0.63
10427140	10127263	0.26
10427140	10227146	0.5
10427140	10227225	0.41
10427140	10327154	0.09
10427140	10427116	0.46
10427141	10220135	0.82
10427141	10327109	0.66
10427141	10327131	0.88
10427141	10327172	0.32
10427141	10327229	0.08
10427141	10327265	0.52
10427141	10427140	0.87
10427142	3102535	0.11
10427142	10227101	0.33
10427142	10227151	0.96
10427142	10227230	0.95
10427142	10327111	0.29
10427142	10327134	0.4
10427142	10327202	0.24
10427142	10327232	0.22
10427142	10327271	0.54
10427143	10227233	0.61
10427143	10327136	0.27
10427143	10327205	0.86
10427143	10327234	0.5
10427143	10420141	0.48
10427145	10227107	0.55
10427145	10227237	0.39
10427145	10327115	0.68
10427145	10327207	0.2
10427145	10327239	0.58
10427145	10427125	0.99
10427146	10027168	0.29
10427146	10227123	0.86
10427146	10327210	0.31
10427146	10327241	0.78
10427146	10427127	0.78
10427147	10027214	0.53
10427147	10227129	0.12
10427147	10327120	0.31
10427147	10327142	0.9
10427147	10427106	0.52
10427147	10427151	0.83
10427148	10227218	0.89
10427148	10320129	0.28
10427148	10327122	0.91
10427148	10327217	1
10427149	10227136	0.98
10427149	10327124	0.73
10427149	10327219	0.81
10427149	10427110	0.1
10427150	10127261	0.46
10427150	10227223	0.3
10427150	10327103	0.47
10427150	10327127	0.66
10427150	10327221	0.99
10427150	10327254	0.25
10427150	10427114	0.15
10427150	10427136	0.65
10427151	10127263	0.13
10427151	10227146	0.88
10427151	10327129	0.73
10427151	10327223	0.52
10427151	10327256	0.52
10427170	10227228	0.65
10427170	10327131	0.37
10427170	10327172	0.58
10427170	10327229	0.61
10427170	10327265	0.2
10427170	10427118	0.41
10427171	10227101	0.7
10427171	10327202	0.16
10427171	10427142	0.45
10444117	4106076	0.43
10444117	10227201	0.55
10444117	10227233	0.88
10444117	10327205	0.07
10444117	10327234	0.89
10444117	10427123	0.15
10444117	10427145	0.38
